20 6.9090204
20.05 6.917708
20.1 6.9437472
20.15 6.8356858
20.2 6.8953074
20.25 6.855848
20.3 6.6603827
20.35 6.3720849
20.4 6.2088849
20.45 6.3077194
20.5 6.6628438
20.55 6.5377437
20.6 6.5663366
20.65 5.6204435
20.7 6.2175806
20.75 8.5620572
20.8 6.1304902
20.85 6.1236822
20.9 6.0695305
20.95 5.9529631
21 5.7578339
21.05 5.4972566
21.1 5.3458246
21.15 5.4492386
21.2 5.3753035
21.25 5.3325929
21.3 5.6827931
21.35 5.9670865
21.4 5.9941439
21.45 5.9144137
21.5 5.8159477
21.55 5.3853474
21.6 5.4041732
21.65 5.2418848
21.7 5.0676235
21.75 4.8974136
21.8 4.3920531
21.85 4.5547701
21.9 4.3949201
21.95 4.2803006
22 4.421656
22.05 4.7531269
22.1 5.3836425
22.15 5.722462
22.2 5.6190779
22.25 5.3107898
22.3 5.0358706
22.35 4.8156519
22.4 3.0473062
22.45 4.3517862
22.5 4.1818578
22.55 4.0042884
22.6 3.8350066
22.65 3.698001
22.7 3.6444909
22.75 3.7953808
22.8 4.2413135
22.85 4.7067406
22.9 5.1849533
22.95 5.4958202
23 5.2624975
23.05 4.8455333
23.1 4.532336
23.15 4.3068362
23.2 3.8161513
23.25 4.2625614
23.3 3.8817949
23.35 3.9082825
23.4 3.874719
23.45 3.8723766
23.5 3.9095732
23.55 4.0362839
23.6 4.4363221
23.65 5.1701191
23.7 5.7655359
23.75 5.9137995
23.8 5.584417
23.85 5.0494679
23.9 4.6360061
23.95 4.880441
24 4.5123634
24.05 4.5701062
24.1 4.6425775
24.15 4.7222601
24.2 4.8427173
24.25 4.9648552
24.3 5.1975942
24.35 5.5155757
24.4 5.9212443
24.45 6.3644156
24.5 6.524675
24.55 6.8150136
24.6 6.0912248
24.65 5.6775715
24.7 5.5633758
24.75 5.1754561
24.8 5.4942226
24.85 5.7696582
24.9 5.9702218
24.95 6.257609
25 6.431745
